$ANSIBLE_VAULT;1.1;AES256
61366161653430613331626663656364303562663362356132343365373266666433336233613464
3038656232653661656232323330623833636439636235340a336662313634653565656530363434
65333764353931623661323234646238336430323461333365383135663763343234323038323034
6134373231386636320a343064313664383564663139643537323934616530303839363937353038
37336265613662636661363161316235343264656237356432336366386238393565313665626366
31616530316139613064323562656637363731316661613066383861653535356531636335316164
62393463613365353461623034613337353531303834363735393633656265313834363332393431
61383765333637343863643431623234653763323733366337383538396331643639363034323630
39313966343465313537616638613633623861303131353531326265343232626463303266623566
33613839343166303438363662643736666330363461646639313931663764396262353834313063
316434323239383834613638323537316632
